=== Run information ===

Scheme:weka.clusterers.SimpleKMeans -N 10 -A "weka.core.EuclideanDistance -R first-last" -I 500 -S 10
Relation:     KMeans
Instances:    531
Attributes:   531
[list of attributes omitted]
Test mode:evaluate on training data

=== Model and evaluation on training set ===


kMeans
======

Number of iterations: 52
Within cluster sum of squared errors: 30.400241228260327
Missing values globally replaced with mean/mode

Cluster centroids:
                                         Cluster#
Attribute                   Full Data           0           1           2           3           4           5           6           7           8           9
                                (531)       (304)        (14)         (9)        (23)         (8)         (1)        (46)        (90)        (31)         (5)
=============================================================================================================================================================
ab_exerciser                2577.4463    599.0197   6937.6429  12568.3333   4723.8696   23346.375      141293   1828.7174   1063.5111   2978.5161     53479.2
accesspoint                 2107.5443    123.1414        6474  12124.4444   4259.9565    22927.25      141236   1355.7826    594.9556   2508.9355     53118.6
action_figure               3874.5819   1911.3454   8218.6429  13788.4444    6010.913   24520.625      141472   3094.2174   2378.5556   4275.9355     54470.2
adhesive_tool               2098.6516    114.1711   6464.9286  12116.4444   4251.1739    22919.75      141235   1346.8478    585.9667        2500     53111.4
aftershave_cream            2270.0226    287.4046   6626.3571  12281.5556   4422.7826    23070.25      141400   1518.5435    759.0333   2670.5484     53213.8
aftershave_lotion           2404.0678    422.8816   6753.9286  12410.1111    4556.087    23192.75      141507   1653.2174    894.1778   2804.5806     53290.6
aftershave_splash           2126.2185    142.0362      6490.5  12144.4444   4279.1739   22944.125      141273   1374.3913    613.7889    2527.129       53125
air_freshener               2399.3427    417.9967   6752.5714  12403.4444   4552.2174   23184.875      141522   1648.8913       889.6   2799.7097     53281.4
album                       2084.8512    100.2303   6451.7857  12103.6667   4237.4348       22907      141234        1333         572   2486.2258     53101.2
all_purpose_cleaner         2175.7363    191.8257      6541.5  12190.1111   4327.0435       22989      141243   1424.5217    663.6667   2577.3871       53175
allinone_desktop            2091.7702    107.2039      6458.5  12109.8889   4244.4348   22912.875      141235   1339.9348    578.9889   2493.1935     53107.4
anti_ageing                 2933.1224    960.6612   7258.4286       12920    5081.087    23650.25      141889        2184   1419.2778   3332.3226     53618.4
apparels_combo              2595.6196    617.9836   6949.7143  12589.7778   4737.6522     23336.5      141409   1846.9348   1082.6778   2993.6774     53506.4
apron                       2423.9077    443.9638   6783.4286  12425.4444   4569.3478    23198.25      141313   1673.9565    910.9778   2824.9032     53355.4
art_craft_kit               3425.0584   1456.5658   7774.4286  13372.4444   5564.5652    24117.25      141430   2650.9348   1924.8778   3822.8387     54134.6
art_set                     2601.9379    623.7993   6957.7143  12585.7778   4751.4348   23372.125      141391    1853.413   1088.3778   3003.7097     53467.4
artificial_nail             2083.8701     99.2303   6450.6429  12102.8889   4236.5217       22906      141236        1332         571   2485.2581       53101
audioplayer                 4359.2034   2405.9901   8663.3571  14233.1111   6489.6087    24893.75      142172   3620.8478   2871.4333   4686.5161     54615.6
av_media                   22853.1864  21130.6414  26778.9286  31140.7778       24891    39446.25      148352  22228.7391  21541.3778  23261.5161     67477.4
baby_care_combo             2277.4539    294.4243   6641.2143  12284.8889   4428.5652   23080.625      141273   1526.8478    766.2778   2679.0323     53251.4
baby_carrier_cuddler        2291.2373    308.4178   6653.9286       12300   4441.7391       23090      141264   1540.6739    780.3556   2693.0968       53260
baby_food_maker             2101.6478    117.1546   6468.2857  12119.6667   4254.2174   22922.125      141237    1349.913    588.9222   2503.0323     53114.6
baby_monitor                2082.8927     98.2368   6449.7857  12102.1111   4235.5217   22905.375      141234   1331.0217    570.0111   2484.2581     53100.4
baby_proofing               2144.0471     159.977      6510.5  12158.5556   4295.7391     22960.5      141248   1392.5217    631.7778   2545.4194     53144.8
baby_rattle                 2598.0565    619.7928   6959.2857  12593.1111   4744.0435       23367      141337   1847.3696   1083.9556   2998.5161     53501.6
babydoll                    2230.7307    247.6875        6595  12244.3333   4380.3913   23033.375      141287   1479.6304    719.3333   2630.6129     53207.4
backpack                   12373.8211  10520.4079  16575.5714  20589.3333  14412.1304       32017      142801  11691.2609  10966.5444  12774.6452     60743.2
bag                         2925.8343    952.7171   7277.3571  12878.1111   5068.6087    23643.75      141415   2180.1739   1411.7333   3327.6129     53712.6
bags                        4513.7797   2562.8454   8823.4286  14369.6667   6630.3913    25014.25      141729   3778.5435   3027.6556   4835.9677     54859.6
ball                        6874.8493   4945.6414  11176.9286  16663.8889   8773.6957    27232.75      141855   6149.6087   5405.3222   7278.0645       56825
balloon                     2277.6893    293.9441      6644.5       12293   4429.6087   23083.875      141262   1527.1304    766.6778   2679.3226     53262.4
band                        2271.4708       288.5   6634.9286  12279.8889   4422.3913       23074      141261   1520.9783    760.3778   2672.8387     53242.8
bandana                      2121.307    137.0757   6487.7143  12138.3333   4272.8261   22937.875      141243    1369.587    608.8222   2522.8065     53129.4
bangle_bracelet_armlet      2226.9247     243.648   6592.0714  12230.7778   4379.3043   23035.875      141247   1476.2826    715.4889   2628.2258     53205.2
banner                      2183.5687    199.3914   6550.3571  12200.4444   4335.6522     22998.5      141254   1432.2391    671.7333   2584.9032     53183.6
bar                         2582.6384    603.9671   6944.3571  12577.5556   4730.5217       23353      141302   1833.6957   1067.9333   2984.4194     53489.4
bat                          3429.371   1460.4605        7777  13374.6667   5568.4783   24120.125      141387   2657.3696   1929.1778   3831.0323     54143.2
bath_brush                  2208.9755    225.6678   6569.6429  12223.2222   4362.1304       23018      141354   1457.2609    697.3111   2609.5161       53173
bath_bubble                 2087.8041    103.2138   6454.7143  12106.3333   4240.3478   22909.875      141234   1335.9565    574.9889    2489.129     53103.4
bath_essential_oil          4234.5951   2278.8783   8551.1429  14091.1111    6371.913    24810.75      141984   3493.8913   2743.4778   4565.4516       54614
bath_glove                  2152.8757    168.9539   6517.3571  12169.2222    4305.087    22965.25      141298   1401.1087    640.7111   2554.3548     53142.4
bath_robe                   2330.2561      348.25   6690.6429  12338.6667   4477.3043     23118.5      141306   1579.5435    820.2556   2730.6774     53283.2
bath_salt                   2167.6798    183.8717   6532.4286  12182.4444   4319.7391    22980.25      141269   1416.2391    655.6222   2568.4194     53161.2
bath_sponge                 2151.8795    167.8717   6516.3571  12168.1111   4304.2174     22967.5      141279    1399.913    639.7444   2553.0323       53148
bath_towel                  3653.9642   1690.0395   7985.2857  13589.7778   5776.1739   24280.375      141638   2877.5217   2157.2444    4053.871       54292
bath_toy                    2228.0772    244.6579   6593.2857  12240.5556   4379.3043   23038.625      141252   1476.7609    716.2778   2628.9355     53216.8
bath_tub                    2115.4934    131.0954   6482.1429  12133.3333   4267.7826     22934.5      141239   1363.8261    602.9333   2516.9677     53124.8
battery                     2523.2994    543.1184        6882       12530    4674.913   23315.625      141408   1774.0435   1008.9889   2924.5484     53422.8
battery_charger            11372.7665   9510.2336  15492.0714  19880.8889  13425.1739    31068.25      145142     10673.5   9956.8333  11763.2903     59557.2
bed_cover                   2152.8832    168.9408   6517.8571  12168.5556   4303.6957   22967.375      141250   1401.5217    640.7667    2554.129       53153
bedding_set                 2216.1036    232.6776   6580.3571  12231.2222   4366.6087   23021.625      141286   1464.6957    704.6111   2617.5161     53197.2
bedsheet                    5435.7702    3494.625   9735.9286       15301   7384.4348   25816.375      142138   4699.6304      3958.5   5835.5161     55631.2
bell                        2158.7834    174.8651   6523.8571  12174.1111   4310.4783     22971.5      141257   1407.3696    646.7222    2559.871     53156.8
belt                        4335.2542   2380.0428   8654.7857       14196   6459.6522       24896      141664   3597.9783      2846.3   4663.2581     54783.4
bib                         2175.7081    191.7632   6541.4286  12191.1111   4327.5217   22990.375      141248   1424.2174    663.6111   2577.0323     53174.8
binocular                   2430.9058    451.0559   6789.9286  12420.3333   4580.5217   23212.625      141322   1681.1304    917.5667    2833.129     53346.6
blanket                     2376.8136    394.9803   6738.2857  12383.3333   4522.2609   23166.625      141296    1626.087    867.1222   2777.7742       53327
blazer                      2311.5141    329.3586   6672.2857  12317.4444   4458.3478    23100.75      141304   1561.0652       801.3    2712.871     53268.6
block_construction          3608.8983   1643.3487   7950.9286  13540.3333   5745.3913     24269.5      141451   2830.9783   2111.0111   4008.2903     54269.4
bloomer_drawer              2099.6215    115.1678   6465.6429  12118.4444   4251.8261   22920.125      141237   1347.7826    586.9111   2500.7742     53113.8
blouse                      2094.7024    110.1875   6461.2143  12113.4444   4247.1304   22916.125      141237   1342.8043    581.9556   2495.9032     53108.8
bluetooth_headset           2130.1902    146.0526   6495.7857  12146.2222   4281.6087   22947.375      141244   1378.5217    617.8333   2531.4194     53136.6
blush                        2261.049    278.4276        6622  12274.2222   4413.1739   23063.625      141375   1509.1739       748.9   2661.6129     53215.8
board                        2391.725    409.0296   6755.5714  12402.2222   4542.9565    23192.25      141252   1641.3261    881.4333    2792.871     53355.2
board_game                  4326.1601   2368.0296   8667.3571  14226.1111   6452.6522   24929.875      141557   3584.1087   2834.8333   4654.4516     54846.6
body_fat_analyzer            2144.951    160.9737   6510.0714  12160.7778   4296.1304   22957.625      141246   1393.6304    632.7667   2546.2903     53147.2
body_skin_treatment         3580.8531   1617.2336   7880.6429  13528.5556   5729.4348   24224.875      142537   2803.0435   2083.2333   3976.9355     53975.8
body_wash                   3397.9831   1431.2697   7712.2143       13355   5542.6522   24070.625      141967   2622.3043   1897.5222   3794.5806     54001.8
bodysuit_sleepsuit          2485.1356    505.9605   6842.9286  12487.4444   4628.4783   23250.625      141368   1735.3913    971.7778   2886.0323     53404.8
book                      141888.3992 141267.2993 144063.2143 144891.4444 142431.5217   149045.25      141234 141759.9783 141452.2667 142166.1613    161647.6
boom_box                    2169.6798    185.9079   6535.2857  12180.8889   4321.6087       22983      141258   1418.2826    657.6889   2571.3226     53159.8
bottle                       2546.049    566.9145      6905.5       12539    4694.087       23321      141291   1797.1739      1032.4   2947.9677     53457.2
bottle_cleaner              2145.0847    160.9211   6511.4286  12161.2222   4297.1304   22961.125      141237    1393.587    632.8444   2546.6452     53148.4
bottle_cover                2167.8023    183.8553   6533.9286  12184.2222   4319.1304     22981.5      141247   1416.5217    655.7111   2569.2903     53163.4
bouncer                     2301.8832    319.3586   6664.8571  12309.4444    4450.913   23098.875      141273   1551.3696    791.2222   2703.4839     53261.2
boxer                       3260.3785   1291.5954   7599.2143  13228.1111   5383.4783     23920.5      141607   2488.7174   1760.6444   3657.8387     54010.2
bp_monitor                   3331.064   1363.4934   7658.2143  13264.3333   5480.1304   24009.125      141932   2560.2826   1830.7556   3731.4194     53887.2
bra                         4924.0113   2977.5296        9227  14815.3333   7019.7391       25373      142082   4187.7391   3442.3778        5213     55278.4
brake_shoe                  2101.6234     117.148   6468.2143  12119.6667   4254.3913    22920.75      141238   1349.9348    588.9667   2503.0968     53112.4
breast_nipple_care          2301.0395    318.3322   6665.5714  12307.6667   4451.6087       23095      141264   1550.2391    790.2889   2703.0323       53270
breast_pump                 2186.5367    202.8224   6551.9286  12200.8889   4337.3913       22998      141246   1435.3913    674.6667        2588     53178.4
brief                       7165.2128   5247.7697  11428.5714  16949.2222   8969.3478    27306.75      142591   6440.5435   5708.2778   7558.8387     57037.8
brush_applicator            2618.6177    641.4638   6963.2857  12614.3333   4769.2609   23376.875      141641   1867.5435   1104.6444   3018.9677     53440.8
brush_duster_shiner          2232.646    249.5066      6595.5  12245.4444   4381.3478   23034.125      141269        1482    721.4889   2634.2903     53211.4
calculator                  4792.2185   2844.6316   9081.9286  14610.5556   6931.1304     25295.5      142465    4057.413   3308.1667   5103.6774     54884.6
cam_remote_control          2129.2505    145.0493   6495.6429  12144.2222   4281.5652    22946.75      141238   1377.7826    616.8111   2530.8065     53133.2
camera                      6077.4727   4144.0033  10366.1429  15788.3333   8030.4348    26464.75      142485   5351.3696   4604.7222   6482.4516     55938.6
camera_bag                  3039.1017    1067.648   7387.0714  12978.3333   5180.1739   23745.125      141409   2272.4348   1536.9667   3440.7742     53787.4
camera_battery_charger      2311.6441    329.3421      6676.5  12307.6667   4463.4783     23111.5      141258   1561.6304    800.3333   2713.5806     53265.4
camisole_slip               3276.7985   1308.4211   7614.8571  13241.7778    5405.913    23940.25      141620   2505.6087   1776.5667    3667.129     54025.6
candle                      2157.8889    173.6842   6524.6429  12175.4444   4309.6522   22973.125      141252   1406.4348    645.8333   2559.1613     53160.2
canvas                      2130.2693    146.0296   6495.6429  12146.5556   4282.5217     22947.5      141245   1378.8043    617.7889   2531.8065     53137.4
cap                         3083.3503   1112.7237   7429.3571  13050.5556   5213.2609    23754.75      141500   2316.2174   1581.3111   3484.4194     53840.2
capri                       2928.5838    955.6645   7270.9286       12904   5064.2174     23629.5      141510   2180.9565   1415.7778   3326.3548     53748.6
car_accessory               2082.8851     98.2368   6449.7143  12101.8889   4235.4783   22905.375      141234        1331    570.0111   2484.2581     53100.6
car_charger                 3096.3013   1124.7039   7439.2857  13068.3333   5235.9565   23802.625      141677    2327.413   1593.8778   3495.8065     53811.2
car_cradle                  2612.4049    634.9737   6972.2143  12583.1111    4760.913       23376      141336   1864.2174   1099.0889   3014.1613       53468
car_kit                     2150.9435    166.9671   6516.1429       12167   4303.2174   22965.625      141280   1399.5652    638.7444    2552.129     53140.4
car_seat                    2093.7326    109.1875      6460.5  12112.2222   4246.3478    22914.75      141236        1342    580.9556   2495.0645     53107.4
carabiner                   2117.4765    133.0855   6484.0714  12134.3333    4270.087     22936.5      141238   1365.8696       604.9   2519.0323     53126.6
card                        2100.6817    116.1118   6467.5714  12119.2222    4253.087    22921.75      141237   1348.9348         588   2502.0323     53115.8
card_game                   3193.7137   1222.5888   7547.9286  13142.5556   5336.9565   23901.125      141358   2424.9783   1692.1667   3593.6774     53935.2
card_holder                 2118.3766    134.0921   6483.5714       12136   4270.6087   22936.125      141251   1366.8261    605.8556   2519.9032     53123.6
cardigan                    2169.5989    185.9079   6533.6429  12185.3333   4319.6522   22979.875      141256   1418.1522    657.8111   2570.7097       53165
cargo                       2122.3126    138.0921   6487.8571  12138.3333   4274.3043    22939.25      141247   1370.7609    609.8333   2523.2903     53132.2
carpet_rug                  2126.2166    142.0362   6492.2857  12144.1111   4277.2609   22942.375      141248      1374.5    613.7778   2527.5806     53133.4
cases_covers               24687.6911  23004.9079       28108  33338.4444  26784.5652       41061      158574  24034.9783  23397.7444  25035.4839     66300.2
cello_tape_tape_disp        2089.7797    105.2072   6456.3571  12108.5556   4242.2609    22911.25      141236   1337.8913    576.9778   2491.1613     53105.8
chair                       2111.5028    127.1283        6478  12128.2222   4263.6087     22930.5      141240   1359.7391    598.8889   2512.9032       53124
churidar                    2300.8475    318.3914   6663.7857  12311.3333   4446.2609     23093.5      141310   1549.8913    790.2556        2702     53272.4
cleaning_and_care           2120.5461     136.102   6487.0714  12138.7778    4272.913       22941      141235   1368.9348    607.9667   2521.8065     53132.6
cleanser                    2507.3672    528.7632   6851.5714       12508   4659.4783       23284      141567   1757.1304    993.4444   2907.5161     53359.2
clip                        2106.5311    122.1086   6472.7857  12124.8889    4258.913    22925.25      141247   1354.8478    593.8667   2508.0645     53115.8
clutch                      2570.0395    590.9737        6930  12569.4444   4717.5217    23345.75      141325   1819.4565   1056.2778   2971.4194     53484.4
coaster                     2083.8644     99.2336   6450.7143  12102.8889   4236.4348    22905.75      141235   1332.0217         571   2485.2581     53100.8
coat                         2149.904    165.9704   6514.3571  12164.4444   4301.4783   22962.875      141246   1398.5652    637.7667   2551.2903     53151.4
coffee_maker                2966.6535    993.7928   7309.1429  12930.7778   5111.6522   23694.125      141604      2220.5   1452.9667   3365.2903     53703.2
coin                        2082.8795     98.2368   6449.7143  12102.1111   4235.4348   22905.125      141234   1331.0217    570.0111   2484.2258     53100.2
color_pencil                 2232.823    249.5658   6596.4286       12241    4384.913       23039      141274   1481.9783    721.4556   2634.2258       53208
combo_gift_set              2544.0866    565.9408   6888.4286       12543    4694.087    23307.25      141593   1794.6087   1031.1222   2944.4516     53378.6
combo_kit                   3298.9077   1331.3158   7612.8571       13257   5451.5652   23974.625      142327   2524.6087   1797.6667   3697.5484     53810.2
compact                     2752.3597    777.5691   7091.9286  12742.2222   4902.9565   23501.625      141735   2000.8696   1236.0778   3150.7097       53536
compact_mirror              2086.8249    102.2138   6453.5714  12105.7778   4239.5217    22908.75      141238   1334.9348         574   2488.1935     53102.2
compass                     2139.2166     155.023   6505.3571  12155.1111   4291.3478   22955.625      141241   1387.6739    626.9444   2540.8387       53143
computer                     6491.791   4565.8224  10761.2857  16203.6667    8407.913   26810.875      142447   5769.8478   5026.1111   6892.7419     56177.2
concealer                   2612.8531    635.7007   6959.5714       12610   4764.3478    23376.75      141635   1861.2826   1097.3222   3012.4516       53451
conditioner                 2615.7928    638.8553   6956.6429  12611.8889   4769.7826     23378.5      141714   1864.9348   1102.6222   3010.1935     53417.6
confetti_streamer           2136.2298    151.8454   6502.6429       12154   4288.3478   22955.625      141244   1384.6957    623.9333   2537.5484     53143.8
cooler                      2273.2411    290.4868        6633       12279   4426.2609    23073.75      141359   1522.6739       762.2    2675.129     53217.4
cooling_pad                 3625.7684   1662.3684   7952.4286  13524.8889   5766.9565    24266.75      141803   2849.8478   2129.6222   4026.7097     54140.2
cot_bassinet                2110.5217    126.1382        6477  12127.7778   4262.7391    22929.25      141237   1358.8478    597.8889   2512.1935     53120.8
cotton_ball_pad_bud          2222.887    239.6743   6585.3571  12234.4444   4374.2609    23028.75      141276   1471.6304    711.2222   2624.0323     53204.6
cover                       2435.7853    456.0164   6795.1429  12427.4444   4583.6522       23209      141304    1686.587    922.9778   2836.0645       53365
crayon                      2142.0358    158.0033   6508.5714       12154   4294.1304    22958.75      141248   1390.5217    629.6556   2543.7097     53142.2
crib_cradle                 2248.6761    265.6053   6612.3571  12258.8889   4399.4783   23050.375      141259   1497.9348    737.5444   2649.6452     53225.4
crib_toy_play_gym           2514.2881    534.9408   6876.9286  12513.2222   4662.2609       23291      141308    1763.913   1000.1556   2915.6774     53432.2
cufflink_tie_pin            2184.3766    200.8224   6548.8571  12199.1111   4334.8261    22993.75      141255   1433.1304    672.6111   2585.5161     53172.4
curtain                     2900.2806    926.6941   7250.0714  12880.7778   5036.8696   23610.625      141435    2152.913   1387.2667   3302.3871     53695.2
cushion_pillow_cover        2401.5405    419.9145   6761.6429       12406   4548.7826   23187.875      141309   1650.4783       891.7   2803.0645     53348.6
dart                        2130.3861    145.9803   6496.5714  12148.7778        4283   22950.625      141238   1378.7826       617.9   2531.9032       53138
data_cable                  5514.7589   3577.2007   9775.9286  15267.2222   7515.7826   25947.125      143133   4783.6087   4037.4333   5915.1613     55248.4
datacard                   10729.1205   8862.4112  14223.2857  20253.8889  12832.7391    30504.75      146780  10022.3696   9307.7556  11116.9677       58451
decoration                  2083.8738     99.2303   6450.7857  12102.8889   4236.4783    22906.25      141234   1332.0217    571.0111   2485.2258       53101
deodorant                    8307.275   6409.3322  12004.1429  18028.5556  10425.3478     28351.5      145856   7580.7174   6858.9667    8690.129     56909.2
desk_organizer               2775.936    800.7434   7124.2857  12743.2222   4922.6087   23523.125      141484   2029.0435   1262.3333   3176.3871     53572.8
diaper                     20130.6365  18370.1217     24129.5  29199.8889  22029.7826     36926.5      145922  19482.9348  18796.0556   20530.871     66380.6
diaper_bag                  2160.8964    176.9243   6526.7143  12175.2222        4313       22976      141240   1409.4348    648.7333   2562.0323       53162
diary_notebook              6226.8851   4297.8421  10480.7143  15944.3333    8175.087    26576.25      142931   5499.4565   4756.6667   6627.4194       55922
digital_thermometer         2545.1733    566.9836   6899.3571  12532.1111   4695.8696   23312.875      141465        1796   1031.8333    2945.871     53393.6
diwan_set                   2361.8889    380.0855   6723.4286  12369.4444   4507.7826   23145.875      141321   1611.3913    852.0222   2762.9677     53307.8
dog_tag                      2089.791    105.2039   6456.4286  12108.5556   4242.3913    22911.75      141234   1337.9565    576.9667   2491.1935     53105.4
doll_doll_house             3657.2072   1691.4474   8002.2857  13593.3333   5791.0435   24320.875      141459   2880.3913   2159.4889        4058       54307
dress                       5069.8418   3126.4671   9354.5714  14945.6667   7165.8261   25459.625      142034   4335.3043      3589.4   5369.9355     55340.4
drying_rack                 2088.8041    104.2007   6455.5714  12107.6667   4241.3043    22910.75      141236   1336.9348         576   2490.1935     53104.8
duffel_bag                  4341.2524   2385.9342   8664.7857  14193.5556   6465.2609   24900.375      141656   3602.1957   2852.6333   4669.3871     54816.6
dumbbell                    2536.1186    556.9803   6896.2857  12531.6667    4684.087   23307.375      141299   1786.8696      1022.3   2937.8387     53451.2
dungaree_romper             2129.2354    145.0658   6494.3571  12146.2222   4281.4348       22944      141252   1377.5652    616.8444   2530.2903     53137.4
dupatta                     2212.9492    229.6678        6576  12224.5556   4361.8696   23019.125      141281   1461.8261    701.5667   2613.7742     53200.6
duvet_cover                 2152.9021    168.9342   6518.4286  12168.4444   4303.2174     22966.5      141252   1401.1522    640.8667   2554.4516     53156.8
ear_and_nose_plug           2213.3823    229.7204   6578.1429  12227.5556   4364.3478   23024.875      141246   1462.3261    701.7889   2614.7097       53204
earring                     2303.8701    321.3487   6668.4286  12301.1111   4455.2609    23102.25      141266   1553.7826    793.2333   2705.6774     53260.2
education_reference         2103.6121    119.1447   6470.2857  12120.7778   4256.2174   22924.125      141236   1351.9783    590.9444   2504.9032     53115.4
educational_media           2178.5913    194.8717   6544.3571       12191   4330.1739     22990.5      141250   1427.2609    666.7667   2580.0323     53167.8
electric_cooker             3257.4539   1288.5592   7602.4286  13190.8889    5397.087       23937      141526   2488.2826   1756.9889   3659.5484     53928.6
electric_kettle             4311.5932   2356.8947   8607.8571  14214.5556    6447.913     24874.5      142384   3571.6522   2822.0667   4638.4839     54552.4
electric_toothbrush         2477.0565    497.9211   6829.9286  12478.1111   4626.4348   23250.125      141497   1726.6087    963.8889    2876.129     53357.4
emergency_light             4473.0546   2520.8651   8769.7143  14356.4444   6605.3913   25003.125      142425   3734.0435   2985.7889   4792.6774     54686.2
encyclopedia                2094.7156    110.1875      6461.5  12112.4444   4247.3913     22915.5      141234   1342.9348    581.9556   2496.0323     53109.6
eraser                      2239.5932    256.5493        6603  12246.7778   4390.5217    23044.25      141292   1488.6522       728.3   2641.0323       53209
ethnic_set                  2388.4972    406.9868   6749.7857  12394.3333   4533.1304   23169.625      141321   1637.9348    879.0444   2788.8065       53334
examination_pad             2134.1601    150.0066   6499.2143  12150.2222   4286.3913   22949.625      141270   1382.8043    621.8667   2535.2903     53134.2
extended_warranty           4127.9002   2171.1283   8403.8571  14044.6667   6284.6522   24709.625      143302   3385.4565   2636.0889   4462.2258     54200.4
external_dvd_writer         2316.6723    334.2993   6680.7857  12312.8889        4468   23114.875      141276   1566.3261    806.1889   2718.7097     53266.4
external_hard_drive        41610.6761  40127.0197  45048.5714  48520.1111  43497.6957   58031.625      155798   41089.913     40483.1  42005.0645     74604.8
eye_cream                   2378.5047    397.0625   6731.6429  12386.7778   4529.5652   23162.375      141424   1627.9348    868.2333   2778.5806       53298
eye_gel                     2130.1337    146.0329   6494.6429  12147.6667   4282.8696       22947      141280   1378.0217    617.7444   2531.0323     53128.6
eye_liner                   3478.5876   1514.0164   7790.7143  13433.1111   5627.7391   24132.125      142293      2701.5   1976.2333   3873.0645     53983.6
eye_mask                    2220.8023    237.6447   6582.1429  12233.5556   4372.5652   23025.625      141335   1469.4348    709.4222   2621.6774     53185.4
eye_serum                   2141.0264    157.0033   6505.2857  12157.8889    4293.913   22957.375      141278   1389.3478       628.6   2542.2581       53134
eye_shadow                  2300.4934    318.2697   6659.9286  12310.7778   4452.7391    23097.25      141407   1548.9348    788.7222   2701.5161     53238.2
eyebrow_pencil              2083.8644     99.2303   6450.7143       12103   4236.5217   22906.125      141236   1331.9565         571    2485.129       53101
eyelash_curler              2385.2053     403.977   6740.8571  12391.5556   4535.7391   23165.375      141444   1634.5435    874.5667   2785.6774     53298.8
fabric                      2658.6685     681.898   7013.0714  12647.3333   4798.9565   23396.125      141390   1909.9783   1145.7778   3059.4516       53538
face_pack                   2436.4501    457.0164   6788.2143  12439.5556   4587.5217   23215.125      141499   1685.2826    922.6222   2836.1613     53323.6
face_treatment              2460.1959     480.977   6810.9286  12460.3333   4609.3913    23238.75      141471   1709.3913    946.6444   2860.4194     53350.2
face_wash                   4251.0452   2297.6711        8507  14167.4444        6396    24825.75      142888   3502.9783   2758.5778   4576.1613     54467.2
facial_kit                  2797.1996    822.7993   7132.0714  12782.3333   4947.6522    23537.25      141823   2047.2609   1283.3667   3194.4839     53533.8
fairness                    2606.8418    629.8388   6950.2857  12605.3333   4756.6522   23366.625      141626    1856.413   1092.9556   3005.5161     53423.2
feeding_utensil             2192.4896    208.7303   6558.1429  12206.8889   4343.7391   23002.625      141258   1441.1304    680.6556   2593.8387     53187.4
fender                       2084.855     100.227   6451.5714       12104   4237.3913    22907.25      141235   1333.0217    571.9667   2486.2258     53101.8
file_folder                 2917.8644    944.6941   7257.0714  12887.7778   5064.5217   23636.625      141687   2170.8696   1404.5778    3318.871     53637.8
filter                      2407.0734    425.9211   6765.7143  12406.4444   4556.3913    23186.25      141359   1657.1957    897.1444   2807.6129     53328.4
fin                         2090.7778    106.2072   6457.7143  12108.8889   4243.3043   22912.125      141236   1338.9783    577.9778   2492.1935       53106
fitness_band                2145.0923    160.9836   6511.5714       12160    4297.087   22961.125      141239   1393.7174    632.8333   2546.0323     53149.8
fitness_grip                2472.4859    492.0428   6835.1429  12474.5556   4622.7826     23264.5      141268   1722.8043    958.0778    2874.129     53412.8
flash                       2123.3333    139.0625   6489.6429  12140.4444   4275.2609    22940.75      141241   1371.6304    610.9111   2524.4839     53132.4
fm_radio                    2655.8757    678.8717   7006.5714  12636.1111   4804.2609   23414.375      141509   1907.1087   1142.5333   3057.7742     53481.6
folding_cupboard            2094.7288    110.1875   6461.2857  12113.2222   4247.2174    22915.25      141237   1342.9565    581.9889   2496.0323       53110
food_processor              2556.1168    577.9967   6907.7857  12548.4444   4704.6957    23317.25      141455   1806.9348   1043.1111   2957.0323     53414.8
foot_filer                  2085.8418    101.2237      6452.5       12105   4238.4348   22907.875      141238        1334    572.9889   2487.1935     53101.8
foundation                  2620.4162    643.6711   6965.7143  12617.3333   4771.9565    23378.25      141671    1869.087      1104.9   3019.6774     53441.6
free_weight                  2258.629    275.5625      6623.5  12267.3333   4408.6087    23063.75      141258    1508.087    747.3333   2660.5161     53230.4
gamepad                     4089.2373   2131.9737   8405.6429  13948.8889   6229.1304    24677.25      141990   3349.8043        2598   4427.6129     54440.2
gaming_accessory_kit        2133.1582    149.0526   6499.2857  12147.6667   4285.2609   22949.375      141249    1381.587    620.8889   2534.2903       53135
gaming_adapter              2144.9906    160.9934   6510.7857  12160.4444   4297.0435    22960.25      141261   1393.3043    632.8333   2545.9677     53141.2
gamingconsole               2677.0301    699.0066   7030.8571  12670.3333    4824.913    23443.25      141597    1928.087      1162.6   3078.2581     53534.4
general_chair               2120.3823    136.0658   6486.6429  12136.1111   4272.5652   22938.875      141237   1368.8261    607.9444   2521.9032     53128.8
general_cooler              2093.7627    109.2007   6460.3571  12112.4444   4246.1304   22915.375      141236   1341.9783    580.9778   2495.2258     53108.6
general_knowledge           2082.8851     98.2368   6449.7857  12101.7778   4235.5217    22905.25      141234   1331.0217    570.0111   2484.2258     53100.6
geometry_box                2264.3823     281.477   6628.5714  12264.8889   4416.2609    23069.25      141260   1513.6304    753.4222   2666.3871     53230.6
glove                       2084.8512     100.227   6451.5714  12103.8889   4237.4348    22906.75      141235   1333.0217    572.0111   2486.2258     53101.4
glue                        2086.8324    102.2237   6453.6429  12105.6667   4239.3478   22908.625      141236   1334.9783         574   2488.1935     53103.4
goggle                      2426.2335    445.9474   6787.2143  12419.2222    4574.913   23212.125      141285   1676.5435    913.0444   2828.2903     53358.2
golf_tee                    2091.7721    107.2072   6458.5714  12110.2222   4244.2174     22913.5      141237        1340    578.9667   2493.0323       53107
gps_device                  2151.8343    167.9671   6516.0714       12167   4303.1739   22964.625      141256   1400.3913    639.8444   2553.0645     53147.8
graphics_card               2545.2957    566.9737        6896  12534.4444   4696.6957   23313.125      141559   1796.2174   1032.2111   2946.1613     53378.8
grip                        2438.4162    457.9934   6801.8571  12441.7778   4585.7391    23223.75      141277   1688.4783    924.6667   2840.3226     53377.6
guard                       2595.6855    616.9145   6957.3571  12585.6667   4745.1304       23372      141288   1846.8261   1081.8556   2996.9355       53493
hair_brush                  2605.1921    627.7796   6956.2857  12590.5556        4754     23369.5      141510   1855.9565      1091.7   3004.5806     53446.4
hair_color                  2366.5951    385.0921   6720.4286  12374.1111   4518.3913   23155.625      141478   1615.3043    856.5667   2766.5161     53267.6
hair_comb                   2151.8682    167.9572   6515.9286  12167.7778   4304.2174   22966.125      141285   1400.2609    639.6667   2552.7419     53144.4
hair_curler                 2219.9266    236.7007   6582.0714       12233   4372.1739   23027.125      141346   1468.7609    708.4444   2621.1935       53175
hair_dryer                  6597.9567   4671.7664  10853.9286  16344.6667    8510.087     26926.5      142932    5873.913   5130.8556   6999.1935     56242.6
hair_oil                    3505.4444    1541.273      7811.5  13461.7778   5651.0435       24152      142289    2726.913   2006.8333   3896.5484     54000.4
hair_removal                2283.8663    301.4079   6642.2143  12294.1111   4435.1739       23082      141383      1532.5    772.9444    2684.871     53225.6
hair_serum                  3595.4557   1632.2533   7888.6429  13543.8889        5749   24237.875      142695   2816.8696      2097.5   3990.4516     53953.2
hair_straightener           6015.0866    4081.375  10303.4286  15761.7778   7959.1739    26421.75      142288   5287.7174   4542.6222   6419.2903     55875.4
hair_styling                2752.9642    777.7664   7087.0714  12740.8889   4905.6087   23498.375      141875   2003.3261   1239.3556   3151.4194     53483.2
hair_treatment              3036.6234   1065.6612   7362.4286  13014.4444   5188.1739       23744      142063   2266.3043      1533.3   3431.1935       53665
hand_blender                4124.1224   2167.1612   8431.0714  14035.3333    6257.087   24696.125      142176   3383.2609   2632.9333   4458.3871     54455.4
hand_messenger_bag         11692.4143   9826.9901       15905  20056.6667  13756.0435   31483.125      142625  11001.6957  10274.5778       12093       60307
hand_wash_sanitizer         2229.6497     246.602   6588.8571  12242.3333   4382.3913   23034.125      141384   1478.2609    718.2778   2630.0968     53184.4
handkerchief                2450.6158    470.9934   6810.1429  12449.4444   4593.5217       23221      141327    1700.587       937.6   2852.5806     53384.2
harem_pant                  2098.6478    114.1678   6465.0714  12116.7778        4251   22918.875      141237   1346.8478    585.9667   2499.8387       53113
hat                         2086.8531    102.1974   6453.7857  12106.1111   4239.4783    22909.25      141235        1335         574   2488.2581       53104
headphone                  14786.0094  12974.0461  18796.0714  22634.7778   16824.913     34073.5      146308  14111.5652  13408.3444  15179.2903     61618.6
headset                     7492.0885   5579.3651  11343.6429  17165.2222   9590.2609       27676      143202   6772.3696   6036.3111   7889.2581     56864.8
heating_pad                  2979.678   1007.7138   7319.8571  12954.6667   5118.7826     23679.5      141534   2233.0435      1466.8   3379.5161       53719
helmet                      2327.6968    345.2368   6690.9286  12331.2222    4478.087   23122.375      141278   1577.6087    817.0556   2729.4516       53286
henna                       2197.1959    213.7862   6558.3571  12212.8889   4349.8696   23006.875      141339   1445.5435    685.4222   2598.2258     53163.6
highlighter                 2109.4896    125.1151      6475.5  12128.2222   4262.1304    22928.75      141257   1357.7174    596.7444   2510.6129     53117.2
horoscope                   2084.8493    100.2237   6451.5714  12103.5556   4237.4783   22906.875      141235   1333.0217    571.9889   2486.2581     53101.8
induction_cook_top          5035.8324   3090.6349   9318.3571  14879.7778   7163.3043   25525.875      142570   4299.2391   3553.8222   5337.5484     55098.6
inflatable_product          2087.8249    103.2105   6454.7143  12106.6667   4240.3913       22910      141235        1336    574.9778   2489.1935       53104
inktoner                    4884.5311   2937.7829   9190.6429  14742.4444   7016.1304     25400.5      142390   4152.6957   3402.3444   5151.5484     55070.2
insect_repellent            2121.3484    137.0789   6488.0714  12137.6667   4273.5217   22938.125      141248    1369.587       608.9   2522.6774     53128.6
internal_hard_drive          2747.322    771.7632   7094.7857  12717.3333   4897.8261    23495.25      141617   1999.1739   1233.7667   3148.4839     53519.2
internal_optical_drive      2235.6365    252.6118   6597.9286  12242.1111   4387.4348   23039.625      141298   1484.8478    724.2556   2636.7097     53205.8
iron                        7256.9529   5340.4243  11492.2857  16976.1111   9135.8261   27483.625      143131   6536.2826   5797.7333   7651.9355     56695.4
jacket                       5461.742   3524.3059   9742.2857       15307   7385.2174       25800      142139   4730.3043      3987.3   5858.7419       55634
jean                       14574.4275  12758.6053  18611.1429       22817   16459.087   33386.625      144822  13901.2609  13200.3333  14956.4194       62577
joystick                    2138.0753     154.023   6503.5714  12152.7778        4290    22953.25      141263   1386.3913    625.9333   2539.4839     53135.8
jumpsuit                    2245.5085    262.6118   6607.5714       12257    4395.087   23048.375      141276   1494.2391    734.3778   2645.9677     53221.6
kaftan                      2086.8211    102.2204   6453.3571  12106.1111   4239.3913   22908.125      141234   1335.0217    574.0111   2488.1935     53102.8
kajal                        4124.951   2169.5888   8404.4286  14054.2222   6270.5217   24700.875      142856   3376.8043      2629.1   4455.9032     54374.8
keyboard                    4857.8512   2911.6151   9134.5714  14651.3333   6991.4348    25358.75      142269   4124.4348   3374.9444   5168.9032       54999
kickboard                   2092.7495    108.1941   6459.2857       12111   4245.3478       22914      141235    1340.913    579.9667    2494.129     53108.6
kit                         2719.0565    741.9309        7079  12705.3333   4866.2174    23476.25      141309   1970.2174   1204.9667   3121.6452     53585.6
kitchen_linen_set            2178.484    194.7895   6543.2143  12193.5556   4329.4348    22988.25      141255   1427.0652    666.7556   2579.5806     53170.8
knife_tool                  2315.8456    333.3224   6681.3571       12315   4466.6522   23115.875      141263   1565.9348    805.1667   2717.6774     53268.2
kurta                       7208.2599   5291.9704  11458.7143  16984.7778        9021       27332      142726   6484.4348   5751.4556   7598.9032     57039.2
kurti                       5493.2693   3554.9605   9778.5714  15358.5556   7406.1304   25856.125      142233   4760.3913        4018   5886.7419     55716.2
landline_phone              5977.9303   4046.1151  10240.2857  15765.2222   7922.2609    26315.25      142758   5248.4565   4507.0222   6376.6452     55756.4
language_learning           2107.5631     123.148   6474.3571  12124.1111   4260.2174   22927.125      141235   1355.8913    594.9222   2509.0323       53118
laptop_adapter               3381.452   1414.5428   7722.6429  13282.2222   5522.7391       24057      141580   2609.3913   1882.6556   3783.0323     54013.8
laptop_bag                  2571.2034    592.9145   6930.3571  12547.7778    4717.913     23344.5      141307   1822.7826   1057.9778   2973.3548     53458.6
laptop_battery              3616.7533   1653.2961   7944.7143  13537.6667   5755.3478   24248.125      141859   2840.9348   2120.2889   4018.1613       54108
laundry_basket              2171.6026    187.8717   6536.9286  12186.8889   4322.7826    22982.25      141259   1419.9783    659.6778   2572.8065     53164.2
laundry_detergent           2220.0979    236.6612   6584.8571  12233.4444   4371.4783   23025.375      141254   1468.9348    708.5889   2621.3871       53206
learning_toy                4890.2618   2932.9408   9234.9286  14842.7778   7020.6522       25523      141418   4149.5435   3399.4889   5204.6452     55397.4
legging_jegging             4357.0697   2403.7697   8660.4286  14274.3333   6454.5217     24862.5      141917   3618.5217   2868.9444   4679.8387       54828
lens                        2705.9981     729.648   7061.3571       12668   4855.5217   23456.875      141419   1958.4783   1192.9778   3107.7419     53530.4
lens_cap                    2123.3107    139.0592      6489.5  12139.2222   4275.7391   22940.875      141243   1371.7391    610.8222   2524.7742     53128.8
lens_cleaner                2366.7269    385.0789   6725.4286  12370.1111   4516.6087    23151.75      141368   1616.0435    857.1222   2767.2903     53290.4
lens_hood                   2087.8041    103.2171      6454.5  12106.2222   4240.4348    22909.75      141237   1335.9565    574.9333   2489.1613       53104
light                       2288.1525    305.3355   6652.3571  12291.2222   4439.3043    23089.75      141262   1537.8913    777.2889   2689.8065     53253.2
lingerie_set                2098.6591    114.1776   6464.8571  12117.4444   4251.1739     22918.5      141238   1346.8261    585.9778   2499.6774     53113.6
lip_balm                    2744.8983    769.7105   7084.2857       12736   4893.7391   23492.375      141711   1994.1522   1230.5444   3141.7419       53533
lip_cream                   2146.8776    162.9507   6510.5714  12163.3333   4299.6087   22961.375      141285   1395.1957    634.5778   2547.9677     53138.4
lip_gloss                   2700.3879     724.648   7043.3571  12694.5556   4852.0435   23446.375      141730   1948.5652   1185.4556   3100.1613     53485.4
lip_liner                   2205.0094    221.6776   6567.6429  12219.2222   4357.8696     23015.5      141340   1452.7391    692.8556   2606.1935       53176
lip_plumper                 2106.5141    122.1349   6472.2143  12125.1111   4259.1304   22926.375      141256   1354.4783    593.8333   2507.6774     53115.4
lipstick                    3834.4746   1874.7336   8128.2143  13777.7778   5984.0435   24446.625      142714   3051.2174   2335.3333        4227     54179.8
lock                        2222.9435    239.6283   6587.8571  12234.7778   4373.7391       23029      141256   1471.7174    711.3889   2624.1935       53207
loofah                      2131.1582    147.0164   6495.8571  12148.6667   4283.4783    22947.75      141273    1379.413    618.7889   2532.0323       53132
lunch_box                   2595.6742    617.9013   6954.7143  12562.3333   4746.1739   23367.875      141324   1848.1304   1081.0556   2998.6129     53467.8
make_up_remover             2297.5706     315.273   6655.7857  12306.3333   4450.4348   23095.625      141416   1545.8261    786.2667   2697.7742       53237
mallet                      2172.8889    188.8717   6539.2143  12187.2222   4325.3478       22988      141241   1421.5217    660.6556   2574.5161     53173.2
manicure_kit                2134.1431    150.0296   6498.8571  12151.1111   4286.8261     22949.5      141283   1382.4783    621.7889   2535.4839     53129.2
marker_highlighter          2278.1318    295.3816   6639.7857  12283.4444   4429.6522   23076.875      141289   1527.5435    767.3111   2679.6452     53240.8
mascara                     2897.2825    924.3125   7230.7857  12888.7778   5049.3043    23625.25      141930   2144.5435   1382.0778   3294.5484     53600.6
mask                        2127.2768    142.9243   6493.8571  12144.2222   4279.3913     22945.5      141241   1375.6304       614.9   2528.7097     53136.4
massage_oil                 2412.3465    432.0033        6771  12418.1111   4561.6522   23197.375      141365   1660.8696    899.0111   2812.8387     53339.8
massager                    2657.5819    680.9572   7004.7143  12636.2222   4808.7826    23413.25      141580   1908.9783      1143.9   3058.6129     53460.8
mat                          2518.693    539.7664   6876.7857  12515.7778   4663.3043       23284      141340   1768.4565   1005.4222   2920.0968     53438.4
maternity_belt              2092.7495    108.1974      6459.5  12111.1111   4245.3043       22914      141236    1340.913    579.9778   2494.1613     53107.2
mattress                    2102.6328    118.1382   6469.2143  12120.2222   4255.3043    22923.25      141235    1350.913    589.9333    2504.129     53115.2
memory_card                51471.0603  50141.4375  54117.5714  58770.2222  53100.6522   65772.125      167702  50942.3696     50461.6  51728.6129     79576.8
mitten                      2101.6215    117.1711   6468.1429  12120.1111   4253.9565   22921.625      141242   1349.7609    588.8333   2502.9355       53115
mixer_grinder_juicer         5875.533   3939.3191  10146.5714  15684.4444   7835.4348   26297.125      142737    5143.913   4401.2444    6273.129       55723
mobile                     65370.0546  64125.2697       67801  72452.4444  67018.8261       79177      173364  64896.2391  64425.9333   65644.129     89877.8
moisturizer_cream           7363.9774   5453.3914  11180.3571  17144.8889   9490.0435   27562.125      144823    6625.413   5900.1778   7738.7742     56466.8
monitor                       2313.58    331.3618        6673  12320.3333   4463.1739   23104.125      141350   1563.2826    803.2889   2714.4839       53256
mosquito_net                 2133.177    149.0132   6498.9286  12149.5556   4284.8261     22948.5      141245   1381.3696    620.7889    2534.871     53141.4
motherboard                 2565.8832    587.8026   6917.8571  12552.2222   4718.0435   23330.875      141519   1816.7826   1052.2333   2967.3871     53405.8
motion_controller           2093.7363    109.1941      6460.5  12111.6667   4246.3043   22915.125      141238   1342.0217    580.9556   2495.0968     53107.2
mouse                        7657.354   5749.1414     11494.5  17240.6667   9774.7826   27836.875      143502   6942.3913   6204.3333        8048     56796.4
mousepad                    2157.7853    173.9572   6521.5714  12173.8889   4309.3478    22971.75      141264   1406.3478    645.6556   2558.9032     53150.8
mouthwash                   2083.8625     99.2336   6450.6429  12102.7778   4236.5217       22906      141236   1332.0217    571.0111   2485.2258       53100
muffler                      2100.597    116.1612   6466.6429  12118.8889   4252.6957   22920.375      141240   1348.7826    587.9667   2502.0323     53112.4
mug                         2158.7797    174.6349   6524.3571       12175   4310.5217    22973.25      141249    1407.413    646.8667   2560.2903     53160.4
multimedia                  2096.6723    112.1776   6463.2857  12113.8889   4249.3913    22917.75      141243   1344.8696    583.9333   2498.0645     53108.2
musical_toy                 2955.8362    981.6776   7312.5714       12933   5100.2609   23695.875      141350   2207.6304   1440.9556   3355.2903     53774.4
nail_art                    2248.4557    265.5822   6608.2857  12261.2222   4401.6087    23051.75      141402   1496.6087    737.0667   2649.7097     53190.4
nail_clipper_cutter         2169.7872    185.8158   6535.5714  12186.1111   4321.2174   22983.875      141257   1418.2174    657.7111   2571.3871       53167
nail_filer                  2142.0433    157.9836   6506.3571  12159.6667   4294.9565     22957.5      141289   1390.3261       629.6   2543.0645       53137
nail_polish                  2556.806    578.7829   6905.5714       12560   4707.3043    23323.25      141589   1804.6957   1042.6889   2956.3871     53409.4
napkin                      2194.2844    210.5132   6559.6429  12208.2222   4345.6087    23004.75      141260    1443.087    682.6333   2595.5806     53186.2
nappy                       2417.4915    437.0395   6779.2143  12415.8889   4566.3478   23202.125      141303   1667.6739    904.2667   2818.9677       53349
nebulizer                   2291.8249    309.3947   6653.7857  12297.5556   4440.8261       23088      141304   1541.3478    781.3333   2693.2258     53242.6
neck_pillow_eye_shade       2715.0377    738.7862   7073.4286  12660.2222   4864.6522   23475.625      141311   1968.0217   1201.4667   3117.8065     53561.6
necklace_chain               2216.064    232.7072   6581.7857  12220.5556   4367.7826    23024.75      141253   1465.2391    704.6333   2617.8065     53195.4
net                         2221.1883    237.7105   6586.2857  12232.5556   4372.2609    23030.75      141250   1470.1304    709.4889        2623       53207
network_nic                 2180.4595    196.8586   6546.1429  12187.7778   4332.7391   22990.375      141252   1429.1304    668.7556   2582.2581     53167.4
network_switch              2266.2392    283.5362        6631  12261.8889   4416.7826   23069.875      141259   1515.8043    755.3333   2668.4839     53230.6
night_dress_nighty          2736.5141    760.9046   7090.5714  12725.1111   4877.3913   23467.125      141408   1987.9565   1223.2667   3133.8387     53593.2
night_suit                  2579.9153    601.9342   6933.5714  12579.4444    4722.913    23334.75      141386   1830.7609   1066.3222   2978.3548     53491.6
normal_photo_frame          2093.7646    109.1842   6460.6429  12112.3333   4246.4348       22915      141234        1342    580.9778    2495.129     53109.2
office                      2187.4313    203.8355      6552.5  12195.4444   4339.5652   22999.875      141248   1436.1739       675.7   2588.9355       53175
office_set                  5294.9209   3354.2895   9572.3571  15110.3333   7411.2174   25710.875      142616   4561.8261   3816.3889   5590.2581       55303
office_tool                 2092.7439    108.1974   6459.5714  12110.8889   4245.3043    22914.25      141235   1340.9348    579.9556   2494.0968     53107.2
operating_system            2111.4614    127.1316   6476.7143  12130.4444   4263.8261     22929.5      141260   1359.7826    598.8667   2512.7419     53116.6
outdoor_toy                 2894.5424    919.7829   7248.6429  12869.8889   5038.2174   23635.375      141342   2147.3478   1380.4222   3295.4194       53720
pad                         2233.0414    249.6414      6598.5  12245.6667   4383.8696    23043.25      141258   1482.0652    721.4667   2633.6452     53216.2
paint                       2212.1601    228.6612   6575.8571  12224.8889   4364.1739   23023.875      141294   1460.8478    700.6556   2613.0968     53186.6
paint_brush                 2173.7495    189.8224   6538.7857  12189.6667   4325.3478     22989.5      141267    1422.413    661.7667   2575.0968     53164.2
palette                      2110.533    126.0789      6476.5  12129.2222   4262.9565     22930.5      141243   1358.8261    597.9111    2511.871       53122
panty                       4090.1563   2133.0855   8416.2857  14017.8889   6201.1304    24655.25      141850   3345.9783   2599.5111    4407.129     54643.2
paper                        3978.661   2019.2599   8308.2143  13900.4444   6120.4348       24615      141967   3240.4783   2486.4222   4276.6774     54464.2
paper_cutter                2102.6064    118.1414   6469.2143  12120.5556    4255.087   22923.375      141237    1350.913    589.9333   2503.8387     53113.8
paper_shredder              2122.3089    138.0822   6487.8571  12139.5556   4274.6522   22939.875      141256   1370.5435    609.8778   2523.4194     53126.2
paper_weight                2119.4087    135.0822        6486  12134.3333   4271.7826   22938.375      141238    1367.913    606.8889   2520.9032       53128
party_gift_bag              2103.6667    119.0954   6470.4286  12121.8889   4256.3913     22925.5      141236   1351.9348    590.9444   2505.0645     53118.2
patiala                     2327.3616    345.2368   6690.9286  12335.6667   4470.3913   23116.625      141306   1577.1304    817.3222   2727.7419     53291.6
pedal                       2088.7853    104.2072      6455.5  12106.6667   4241.3478     22910.5      141236    1336.913         576   2490.1935     53104.8
pedicure_kit                2257.2599    274.5132   6617.6429  12269.4444   4409.6522    23057.25      141374   1505.8478    745.9111   2658.0645     53205.2
pedometer                   2357.9623    376.1711      6719.5  12360.5556   4505.7391   23143.875      141299   1607.8478    848.2333   2758.9355     53298.6
pen                         8167.0132   6265.3092  11934.8571  17793.6667  10269.3043    28235.25      144207    7450.413   6718.6556   8562.2903     57137.4
pencil                      2346.6742    364.1316   6708.2857  12352.3333   4497.2174    23147.75      141300   1596.3478    836.1556   2748.6452     53297.8
pencil_box                  2304.8192    322.3322   6669.1429  12302.5556   4456.4348     23103.5      141274   1554.6087    793.8667   2706.8065     53261.6
pendrive                   40039.3842  38557.0724  43250.1429  47492.2222   41932.087    56323.75      159976  39488.0435  38910.7778  40385.5161     72251.2
perfume                     8849.9812   6959.2072     12493.5       18533  10960.7391     28797.5      146014   8127.6739   7407.9667   9233.3871     57343.8
photo_frame                 2419.1657    439.0197   6780.2143       12408   4568.6522    23206.75      141283   1669.8913    906.0778        2821     53338.2
pillow                      3248.9209   1280.2632   7589.2857  13208.5556   5377.5652     23913.5      141516   2478.3913   1748.8444   3648.7097       53966
pin                         2090.7627    106.1875   6457.3571  12109.7778   4243.4348   22911.875      141237    1338.913    577.9333   2492.1935       53106
pinata                      2124.4124    139.9342   6490.9286  12142.4444   4277.1304     22944.5      141239   1372.7826    611.9222   2525.9032       53135
plate_tray_dish             2158.8663    174.5164   6525.2143  12175.6667    4311.087    22975.75      141257    1407.587    646.8667   2560.3871     53162.8
pop_up_toaster              3091.8569   1120.7138   7430.6429  13053.8889   5236.6087    23804.25      141727   2323.5217   1589.1556   3490.1613     53772.2
post_it                      2160.725    176.8947   6524.9286  12174.8889   4312.4783   22974.125      141271   1409.3478    648.7111   2561.9355     53152.2
poster                      2369.1977    387.1382   6728.6429  12370.4444   4521.2174    23163.25      141350   1619.1304    859.0556   2771.1613     53294.8
potty_seat_box              2271.6045       288.5   6636.2143  12281.2222        4422    23073.25      141261   1521.1087    760.4889   2673.3226     53247.8
pouch_potli                 2166.7891    182.9079   6532.8571  12179.5556   4318.6087       22980      141249    1415.413    654.7222   2568.0968     53164.6
powder_puff                 2129.2203    144.9901   6495.8571  12146.6667   4281.2609   22946.125      141243   1377.4348    616.7222   2530.6452     53135.8
printer                     4103.1036   2146.1645   8417.1429  13999.5556   6233.0435   24672.125      141951   3363.0217   2612.1778        4435       54502
processor                   2372.5612     391.148   6727.8571  12377.6667        4525   23158.875      141483   1621.9565    862.0333   2773.4194     53266.8
projector                   2105.5593    121.1546      6471.5  12123.2222   4257.8696    22925.75      141247   1353.8261    592.9667   2506.8387     53114.4
psu                         2412.1073    432.0329      6768.5  12406.6667   4563.3913    23197.75      141402   1661.8696    899.0333   2813.8065     53308.6
puff_sponge                   2112.42    128.0954      6478.5  12130.2222   4265.2174   22931.125      141263   1360.7609    599.6889   2513.5161       53117
pull_buoy                   2084.8531    100.2204   6451.6429  12103.8889   4237.3913    22907.25      141234   1332.9565    572.0111   2486.2258       53102
pullover                    2097.6855    113.1842   6464.3571  12115.7778   4249.8696    22918.25      141239    1345.913    584.9778   2499.0968     53111.2
pulse_oximeter              2101.6177    117.1711   6468.1429  12119.8889        4254   22921.625      141235   1349.9565    588.9778   2502.8387     53112.4
pumice_stone                2124.2467    140.0559   6489.1429  12141.8889   4276.4783    22940.25      141266   1372.5652    611.8444   2525.6129     53125.6
pump                        2827.3503    851.7237        7183  12799.1111   4969.6957   23579.625      141330   2081.0435   1313.8889   3229.5806       53656
punch_punching_machine      3718.0979   1756.1875   8031.9286  13654.1111   5852.4783       24336      142027        2939   2223.1111   4115.9355       54181
punching_bag                2101.6742    117.1743   6468.5714  12119.3333   4254.2609   22922.375      141239   1349.9348    588.9667        2503     53114.2
puzzle                      5605.6196   3665.3257   9913.4286  15444.1111   7561.4348   26023.625      141807   4873.2174   4128.7667   5998.4194     55784.6
pyjama                      2764.2185    788.8092   7117.2143  12750.3333   4900.9565   23489.875      141460        2016   1250.8778   3163.8387     53622.6
racquet                     6753.3333   4823.9145  11053.2857  16568.7778    8653.087   27081.125      141878   6024.0217   5284.9222   7157.0323     56704.2
raincoat                    2090.7684    106.2072   6457.4286  12109.3333   4243.2609   22912.125      141235    1338.913    577.9444    2492.129       53107
ram                         3069.4595   1098.6809   7397.4286  13033.7778   5220.4348   23773.125      142016   2300.7391   1566.4111   3469.4516     53676.2
rechargeable_battery        2879.9171    905.5559   7238.7857  12815.2222   5028.6522       23621      141341   2134.0217   1366.3667   3283.5484     53674.2
regionalbooks               9500.0019   7586.7007  13287.2143  19286.1111  11603.7391       29783      141890   8789.1739   8047.6111   9911.1613       59135
remote                      2083.8682     99.2336      6450.5       12103   4236.5217       22906      141235   1332.0217    571.0111   2485.1935       53101
remote_control_toy          3048.2561   1074.7303   7403.7143  13021.7778   5190.5652   23776.875      141346   2280.6304   1544.3889   3450.7742     53847.2
resistance_tube             2656.7288    678.9276   7017.9286  12646.5556   4802.7826       23419      141312   1908.4348   1142.3778   3058.7742     53541.4
ring                        2106.5782    122.1513   6473.3571  12124.2222   4259.1739   22925.625      141237   1354.9565    593.9111   2508.0968       53116
role_play_toy               2588.4463    609.9408   6948.8571  12579.6667   4736.6087       23359      141298      1838.5   1074.7222   2989.6774     53490.8
rope                        2108.5819    124.1283   6475.1429  12126.3333   4261.1739   22927.875      141236   1356.8913    595.9333   2510.0645     53120.8
router                     16770.0659  14983.6809       20774       24191   18807.913     35903.5      146426  16106.0652  15411.6667  17171.2581     62967.4
rubber                      2106.5989     122.148   6473.1429  12124.5556   4258.7391   22927.125      141236   1354.8913    593.9778   2507.9677     53118.4
rucksack                    2353.6102    371.1612        6716  12360.5556   4503.6957   23148.875      141272   1603.5217    843.2556   2755.1613     53310.4
ruler                       2099.6234    115.1184   6466.4286  12117.1111   4251.8261   22920.125      141237   1347.8696    586.9889    2501.129     53112.8
saddle                      2098.6723    114.1678   6465.1429       12117   4251.1739   22918.875      141238   1346.8696    585.9667    2500.129       53112
safety_lock_strap           2241.7232    258.6217   6606.7857  12241.8889   4393.7826   23049.125      141265   1490.9565    730.2333   2643.2903       53220
salwar                      2125.2618    141.0164      6491.5  12142.2222   4276.6087   22942.625      141251   1373.6087    612.8556   2526.7097     53131.8
salwar_kurta_dupatta        3300.4313   1332.5691   7636.1429  13262.4444   5418.6957       23955      141585   2530.4783   1801.0111    3700.129     54021.6
sandal                     25313.3409  23604.7664  29293.1429  34237.4444  27181.6522    41012.25      144998  24698.3261  24026.6444  25715.4516       70664
sandwich_maker              3531.5311   1565.4934   7859.6429  13481.4444   5670.6087   24192.125      141823   2756.2174   2033.6667   3931.6452     54096.8
sanitary_pad_pantyliner     2304.6215    322.3026        6663  12316.6667   4456.6957   23100.625      141424   1553.5217    793.7889   2704.4839     53233.4
sari                        3377.3126   1410.5099   7714.6429  13336.1111   5505.6522   24009.625      141611    2604.913   1877.9556   3775.0968       54068
scanner                     2185.4708    201.8421   6549.7143  12199.1111   4336.8261   22997.375      141270   1434.2609    673.6444   2586.9032     53168.6
scarf                       2698.0998      721.75   7049.7857  12689.1111   4836.1304   23433.625      141419   1948.9565   1185.1444   3098.0968       53581
scented_candle              2112.4595    128.1086      6478.5  12128.8889   4264.8696     22932.5      141238   1360.7391    599.9111   2513.6452     53122.6
school_set                  2148.9492    164.9737   6514.1429       12163   4301.2609   22964.875      141253   1397.4783    636.5889   2550.3226     53147.4
scissor                     2214.0621    230.7105   6579.0714  12219.7778        4366   23022.375      141258   1463.1522    702.5667   2615.5484     53194.6
scooter                     2083.8701     99.2336   6450.6429       12103   4236.4783       22906      141234   1332.0217    571.0111   2485.2258       53101
screen_guard                9273.2976    7388.023  12896.8571       18912  11407.3043   29149.375      146943   8556.1739   7835.5667   9656.9032     57348.6
scrub                        2538.855    560.8026   6883.8571  12540.4444   4689.5217   23306.625      141589   1787.4565   1025.1667   2937.6774     53390.6
security_software          17049.3051   15260.352  21157.2857  24330.7778  19092.5217   36235.625      144390  16402.1304  15688.3111  17457.8387     63562.6
selector_box                2291.8908    309.4243      6653.5  12299.3333   4440.1304   23086.375      141287   1541.2826    781.3667   2692.1613     53261.2
shampoo                     4844.8267   2899.1809   9083.4286  14743.6667   6993.4783   25359.125      143463   4095.1739   3357.7778   5150.1613     54794.4
shapewear                   2201.1375    217.7895   6565.6429  12213.5556    4351.087   23008.625      141262    1449.913    689.5667   2601.7419     53187.6
sharpener                   2140.0678     155.898   6505.2857  12154.8889   4292.3043   22958.125      141254   1388.6304       627.7   2541.6774     53142.2
shaver                     13103.7043  11267.0888  17218.7857  21176.7778  15136.1304   32614.125      144375  12419.7826  11708.2889  13498.2581     60859.4
shaving_cartridge           3264.1883   1296.1414   7585.3571  13233.7778   5407.6957   23935.875      141989   2492.2391   1762.3444   3662.6774     53861.6
shaving_cream               2210.9567    227.7039   6571.3571  12224.6667   4363.8696     23020.5      141365   1459.4783    699.4111   2611.6452     53166.6
shaving_foam                2538.9247    560.7862   6885.4286  12540.4444   4689.4783    23305.75      141570    1786.913   1025.6222   2938.5161     53391.6
shaving_gel                 2354.7495    373.0461      6708.5       12362   4507.0435    23146.75      141449   1603.0435    844.6444   2755.0645     53267.8
shaving_razor               2560.7326     582.875   6910.3571  12559.1111   4710.5652    23326.75      141569   1809.2826      1047.7   2960.7097       53390
shawl                       2227.7232    244.6776        6590  12237.4444   4377.3043   23028.625      141274    1476.587    716.4111   2628.7419       53214
shimmer_glitter             2115.3879    131.0855        6481  12133.4444   4268.3913   22933.875      141263   1363.4783       602.7   2516.6452       53120
shirt                      20215.8889  18469.7401  24081.1429  29245.5556  21997.6957       36647      146483  19571.9783  18898.5667  20592.5484     66866.6
shoe                        74060.661  72891.4671  77206.7143  80214.5556  75318.1739       86543      151398  73691.0217     73200.9  74417.4516    100702.2
shoe_polish_cream             2367.71    385.9704   6728.1429  12371.6667   4514.4348   23149.875      141302   1617.8696       858.2   2768.3226     53313.8
shoe_spray                  2268.2015    285.3914   6631.2143  12277.1111   4416.6522   23065.375      141272   1517.6522    757.4111   2669.2581     53244.2
short                        5203.371    3259.727   9499.6429  15084.6667   7298.6957     25547.5      142131    4470.913   3723.0556   5500.7742     55526.8
shower_cap                  2083.8795     99.2303   6450.7857  12103.1111   4236.4783    22906.25      141234   1332.0217         571   2485.2581     53101.2
shrug                        2302.725    320.3816   6663.1429  12310.8889   4450.3478       23095      141299   1552.1087    792.3222   2703.2903     53268.8
shuttle                     3846.1921   1884.2434   8180.6429  13788.1111   5962.6087       24454      141552   3067.3696   2351.6889   4246.2581     54437.4
sipper_cup                  2174.6422    190.8454   6539.3571  12186.8889   4326.6957    22986.75      141241   1423.2609    662.7444   2576.1935     53171.4
skate                       2276.8512     293.523      6641.5  12289.5556   4428.6087    23084.25      141242   1525.9565    765.5556   2678.7742       53256
sketch_pen                  2090.7608    106.1875      6457.5  12108.8889   4243.3478   22912.375      141236   1338.9565    577.9778   2492.1935     53105.6
skipping_rope               2659.9529    681.9507   7021.2143  12651.1111    4807.087       23428      141294   1911.1522   1145.5556   3061.8387     53550.8
skirt                       2679.2373    702.9079   7026.4286  12670.5556        4821     23415.5      141424   1931.1522   1166.2889   3074.8065     53567.4
sleeping_bag                 2302.113    319.3059   6666.2857  12304.7778        4453    23104.75      141261   1551.9565    791.2333   2703.9677       53268
sling_bag                   3435.4049   1466.5987   7787.2143       13372   5576.3478     24128.5      141383   2663.0652   1935.1444   3836.4839     54144.6
slipper_flip_flop          23601.2674  21883.3586       27568  32510.6667  25469.7826    39477.75      145302  22977.3696  22306.0444  24000.2258       69149
small_travel_bag            2083.8851     99.2336   6450.7143  12103.1111   4236.5217   22906.375      141234   1332.0217    571.0111   2485.2581     53101.2
soap                        3711.5763   1748.9178   8021.7143  13655.4444        5855   24344.875      142168   2931.6304   2214.2444   4105.6452     54193.8
soap_case                   2098.6667    114.1349      6465.5  12117.4444    4251.087   22920.125      141236   1346.8261    585.9778   2499.9032       53112
sock                        7056.3842    5140.352  11310.4286  16820.6667    8884.087   27133.375      142729   6332.0652        5599   7447.4839     56870.8
speaker                     8017.6064   6112.7237  11859.9286  17516.7778   10123.913   28155.875      142890   7306.9783   6567.0333   8421.6129       57236
spin_press_launch_toy       2885.1525    909.8454   7241.5714  12866.5556        5029   23628.375      141342   2137.7391   1370.6222   3286.7097     53725.2
sport_bag                   2702.1262    724.9013   7062.8571  12680.8889   4849.3043    23461.25      141313   1953.6957   1188.3444   3104.5161     53570.6
sport_glove                 4190.2976   2229.9934   8530.3571  14102.8889   6323.1739   24813.875      141488   3450.7826   2696.2667   4526.6452     54724.2
sport_mat                   3684.7024   1718.4803   8030.7857       13633   5819.9565    24350.25      141437   2907.4783   2186.1444   4087.2903       54346
stacking_toy                3176.2976   1205.4178   7531.4286  13147.6667    5311.913   23890.375      141430   2404.8913   1673.1778   3572.6452     53941.6
stand                       2096.6704    112.1809   6463.0714  12114.7778   4249.1304   22916.125      141239        1345    583.9444    2498.129     53109.6
stapler_pin_remover         2128.2109    144.0296      6493.5  12144.7778   4280.2609   22944.375      141249   1376.6522    615.8444   2529.4516     53133.6
stepper                     2144.1092    160.0197   6510.2857  12160.5556   4295.6087   22960.875      141243    1392.587    631.8444   2545.3548     53145.4
sterilizer_warmer           2180.7514    196.8717      6546.5  12196.8889   4332.3043     22993.5      141247   1429.4565    668.7889    2582.129     53175.4
stick                       2112.5009    128.1086        6479  12128.8889   4265.0435    22931.75      141238   1360.8261    599.8778   2514.0323     53123.4
sticker                      2087.806    103.2171   6454.5714  12106.8889   4240.2174    22909.75      141240   1335.9348    574.9778   2489.0968       53103
strap                       2101.6102    117.1711   6468.2143  12119.5556   4253.7391    22920.75      141241   1349.8696    588.9222   2503.0968     53113.6
straw                       2086.8512    102.2072   6453.7857       12106   4239.5217   22909.125      141234   1334.9348         574   2488.2581     53104.2
string                      2198.4821    214.7928   6563.7143  12212.3333   4349.7391   23009.125      141251   1447.1957    686.6333   2600.0323     53191.4
stroller_pram               2212.2731    228.7336   6577.7857  12222.7778   4363.1739   23020.125      141249   1461.3478    700.6111   2613.6452       53205
stuffed_toy                 6477.8851   4546.7928       10774  16250.4444   8396.8696       26833      141912   5750.4348   5007.7667   6877.0968     56465.8
suit                        2084.8531    100.2237   6451.7143  12104.1111   4237.4348   22906.625      141235   1332.9783         572   2486.2581     53101.6
suitcase                    2278.1751    295.4441   6643.0714       12277   4430.3478    23081.25      141260   1527.9565    767.2111   2679.8387     53236.4
sunglass                    8688.3352   6795.3914  12458.0714  18349.4444       10710   28542.125      142744   7978.5652   7250.4778   9079.7742     57941.6
sunscreen                   3212.9058    1244.398   7530.3571  13181.3333   5358.5217    23891.75      141936   2441.3696   1710.8556   3607.7097     53852.8
support                     2809.6761    833.8454   7166.8571       12788   4956.2609       23560      141315   2062.1522   1295.5333   3210.5484     53649.6
sweater                     6318.2109   4391.8059  10580.7143  16129.8889   8187.8261   26514.875      142435   5593.7391   4853.6667   6713.0968       56288
sweatshirt                  6019.0377   4088.9737  10298.0714       15834   7907.6957     26250.5      142306   5292.8261   4551.0111   6413.0323       56066
swimming_cap                2238.7815    255.5724   6602.9286  12249.6667   4390.2609     23043.5      141258   1487.8696    727.1778   2640.1935       53219
swimsuit                    2135.1375    151.0099   6500.9286  12152.6667   4286.8261     22950.5      141247      1383.5    622.7889   2536.0968       53141
swiss_knife                  2485.968    506.9934   6838.6429  12479.2222   4636.7391       23258      141494   1735.8696    972.7667   2886.9032     53354.6
t_shirt                    28513.5198  26870.8882  32226.0714  37183.4444  30128.3913    43269.25      148386   27910.587  27276.7667  28841.2258     73149.2
table                       2146.1092    161.9803   6511.7143  12162.8889   4297.7826   22962.375      141240   1394.7174    633.8556   2547.5484     53149.2
table_chair_combo           2120.4181    136.0855   6487.2143  12138.5556   4272.4348    22938.75      141242   1368.7174    607.8111   2521.7097     53129.8
table_clock                 2092.7495    108.1875   6459.4286       12111   4245.5217     22914.5      141235   1340.9348    579.9667        2494     53107.6
table_cover                 2255.3691    272.3849   6619.0714  12267.8889   4404.4348    23053.25      141280   1504.4783    744.4111   2656.8065     53229.2
table_linen_set             2094.7175    110.1809      6461.5  12113.3333   4246.8696   22915.625      141236    1342.913    581.9889   2496.0968     53109.6
table_placemat              2219.8399    236.5757   6584.4286  12231.8889   4368.4348   23024.125      141269   1468.6957    708.5222   2621.3226     53204.6
table_runner                 2173.516    189.7829        6539  12189.2222   4324.2174       22983      141259   1422.0435    661.5778   2574.5806     53169.2
tablet                     14443.0339  12623.4671  18478.5714  22325.4444  16523.7826   33805.625      147134  13766.3478  13057.3667  14837.5161     61216.8
talc                        2428.0113    447.9803   6783.6429  12431.2222   4576.5217     23212.5      141358   1676.1304    914.7111   2829.0645     53358.2
tape                        2206.3785    222.7204   6571.6429  12220.8889   4357.7826    23017.75      141245   1455.2174    694.4889   2607.7742     53197.6
teether_soother             2303.9416    321.3651   6668.2143       12310   4452.7826   23101.625      141273   1553.1522    793.1444   2705.6452       53270
tent                        2235.1017    251.5789   6600.3571  12247.8889   4386.3913    23043.25      141250   1484.1522    723.7111   2636.6774     53219.6
thermal                      3059.919   1088.7138   7405.0714       13034   5184.1739    23753.25      141522   2292.9783   1557.9333   3459.1935     53832.2
three_fourth                3000.5009   1027.8125   7351.8571  12980.8889        5137   23687.625      141467   2254.5652   1487.1111   3397.3548       53814
tiara_crown                 2096.7119    112.1086   6463.6429  12115.6667   4249.3478     22918.5      141236   1344.8913    583.9778        2498     53112.2
tie                         2243.5518    260.6086   6606.5714  12254.7778   4393.2174       23039      141277   1492.6739    732.5222   2644.1935     53224.6
tight                       2138.0734    154.0099   6502.9286       12155   4289.5652       22953      141250   1386.5435    625.7889   2539.0323     53143.2
toner                       2289.6817    307.3717   6645.5714  12299.2222    4442.087       23089      141398   1538.7609    778.2667   2689.7097     53232.6
tool_kit                    2192.3936    208.7599      6557.5  12204.3333   4343.8261   23003.125      141249   1441.2609    680.4333   2593.7419     53185.8
toothbrush                  2150.9096    166.9342   6516.7143  12166.6667   4302.3913   22964.625      141246   1399.4348    638.7333   2552.1935       53151
toothpaste                  2188.2844    204.8092        6549  12203.7778   4341.2174       22999      141334   1436.4348    676.4556   2589.0323     53161.2
top                         7459.4087   5548.2599  11343.5714  17219.7778   9502.9565   27475.625      142841   6736.5652   6004.1222   7838.6129     57204.6
toy_weapon                  2696.3446    718.9276   7057.4286  12679.1111    4844.087   23455.125      141313   1948.0217   1182.2222   3098.1935     53573.6
track_pant                  5120.0716   3173.5526   9426.2857  15017.2222   7216.4783       25544      141915   4386.4565   3638.1889   5422.5484     55463.2
track_suit                  2393.4105    412.0197   6753.7857  12396.5556   4539.7391       23171      141308   1643.3478    884.0111   2793.4194     53336.8
track_top                   2111.4463    127.1217   6477.3571       12129    4262.913   22929.625      141243   1359.8913    598.8556   2512.7742     53122.8
travel_document_holder      2153.9021    169.9539   6519.3571  12168.6667   4305.6522    22967.75      141244   1402.5217    641.7889   2555.2581     53152.2
travel_organizer            2083.8776     99.2303   6450.7857       12103   4236.4783   22906.375      141234        1332    571.0111   2485.1935     53101.4
travel_pouch                2235.8154    252.6382   6599.9286  12242.8889   4387.1304   23039.375      141255   1484.9565    724.5222   2637.0645     53218.6
travel_toiletry_kit         2153.8945    169.9704   6519.3571  12168.4444   4305.2174   22968.125      141246   1402.3043       641.8   2555.1613     53154.2
tripod                      3292.2599   1324.4704   7616.0714  13235.8889   5438.5652   23968.625      142040   2520.8261   1792.2889    3691.871       53843
trouser                     8861.3917   6968.5263  12631.6429  18505.4444  10875.6522    28540.25      143356   8151.0217   7425.7556   9253.2258     58328.4
trunk                       3414.9115   1447.5789   7755.7143       13378   5529.1304   24074.875      141579      2641.5   1916.2667   3814.4194     54140.8
tunic                       3062.6045    1091.602   7391.3571  13036.8889   5192.7826   23746.125      141553   2296.3261      1560.4   3461.2258     53852.8
tv_out_cable                2188.3729    204.8257   6552.9286  12199.1111   4340.2174   22997.625      141277   1437.1304    676.6444   2589.6129     53171.8
tv_tuner_card               2402.5424     420.977   6764.6429  12390.5556   4553.1739    23195.75      141285   1652.8913    893.0889   2804.0968     53328.2
tweezer_plucker             2121.3051    137.0592   6487.4286  12138.3333   4273.7826   22939.625      141273   1369.5435    608.7444   2522.7419       53120
tyre_tube                    2106.565    122.1283        6473  12124.3333        4259   22926.625      141242    1354.913    593.8333   2507.9677     53117.6
umbrella                    2110.4765    126.1151   6476.6429  12127.3333        4263   22929.125      141244   1358.8478    597.8889   2511.9355     53118.4
usb_adaptor                 3504.1902   1539.4704   7840.8571  13412.2222   5635.3478    24142.75      141553   2730.6957   2007.5222   3904.7097     54120.2
utility                     2091.7721    107.2039   6458.7143  12110.2222   4244.2609    22913.75      141235        1340    578.9667    2493.129       53106
vacuum_cleaner              4423.8192   2470.9145   8726.4286  14306.1111   6551.5652       24959      142227   3685.4348   2936.2667   4745.6129     54694.4
vehicle_pull_along          4795.1149    2842.773   9127.6429  14676.8889   6920.0435   25352.875      141615   4054.1087   3307.2333   5109.7742     55196.4
vest                        6222.3729   4291.3158  10510.2143       16070   8090.5652       26501      142359   5489.4348   4754.3556   6618.7419       56342
vibration_dampener          2130.3748    146.0559   6496.9286  12148.2222   4282.3913   22948.875      141239   1378.7609    617.8889   2531.8387     53138.4
video_glasses               2083.8757      99.227   6450.7857       12103   4236.5217   22906.125      141234   1332.0217         571   2485.2258     53101.4
video_player                2920.1525    946.7138        7270  12863.2222   5064.7826   23652.875      141433      2174.5   1406.7444   3322.5161     53694.6
voice_recorder              2114.4463     130.102   6481.0714       12131   4267.0435    22933.75      141236   1362.8043    601.9222   2515.7742     53121.4
voltage_stabilizer          2472.2938     493.023      6830.5  12466.8889   4619.4348       23244      141350   1723.0652    959.2111   2873.7097     53371.2
waist_bag                   2088.7966    104.2105      6455.5  12107.3333   4241.4783     22910.5      141236   1336.9348    575.9889    2490.129     53104.4
waistcoat                   2215.9171    232.7039   6579.4286  12227.3333   4365.0435   23016.375      141276   1465.3043    704.5444   2617.0645     53201.4
walker                      2354.3239    372.1382   6715.7857  12359.2222   4503.7826    23145.75      141281   1604.1304    844.4111   2755.2903     53305.4
wall_decoration             2084.8569     100.227   6451.7857  12103.5556   4237.3913   22907.125      141234        1333         572   2486.2258     53102.2
wallet_card_wallet          7838.2222   5916.7336  11737.6429  17619.3333   9942.8261     28122.5      141837   7119.5652   6376.9556   8240.7097     57623.6
watch                      32169.3371  30580.0954     35662.5  40332.5556  34051.5217   46370.625      154345  31583.8043  30963.5333  32528.6452       73369
water_bottle                2770.1751    794.7171   7130.1429       12720        4918    23523.25      141347   2023.9348   1255.5333   3172.7097     53593.4
water_purifier              2315.7062    333.3651   6676.0714       12324   4465.3913   23110.625      141339   1565.1087    805.3444   2716.7097     53258.8
webcam                      3515.5122   1550.3684   7846.9286  13408.8889   5656.5652     24174.5      141573   2742.5652   2018.1444   3916.9677     54120.2
whistle                     2147.0885     162.875   6513.4286  12164.2222   4299.3913   22962.875      141244   1395.7391    634.7667   2548.2581     53152.4
whiteboard_duster           2113.4105     129.102      6479.5  12129.3333   4265.5217       22932      141241   1361.8043    600.8778   2514.7097       53123
wipe                        5843.8569   3905.0362     10155.5  15700.4444   7802.2609   26111.625      141975      5114.5   4367.8556        6250     56006.4
worldwide_adaptor           2320.4331    338.2961   6681.7143       12327        4469   23110.375      141287   1570.0652    809.8889   2721.7419     53275.4




Time taken to build model (full training data) : 4.81 seconds

=== Model and evaluation on training set ===

Clustered Instances

 0      304 ( 57%)
 1       14 (  3%)
 2        9 (  2%)
 3       23 (  4%)
 4        8 (  2%)
 5        1 (  0%)
 6       46 (  9%)
 7       90 ( 17%)
 8       31 (  6%)
 9        5 (  1%)

